cob1
  37.366656, -120.423602
  37.367002, -120.423993
  37.367466, -120.423028
  37.367245, -120.422783


cob2
  37.366648, -120.424885  
  37.366811, -120.425061
  37.367402, -120.424193
  37.367223, -120.424000


aca_office_annex
  37.367348, -120.423843
  37.367504, -120.424012
  37.367777, -120.423626
  37.367838, -120.423679
  37.367946, -120.423528
  37.367746, -120.423304


student_services_building
  37.367425, -120.422730
  37.367850, -120.423108
  37.367935, -120.422840
  37.367593, -120.422464


social_sciences_&_management_building
  37.366864, -120.422044  1
  37.366886, -120.422070  2
  37.366893, -120.422061  3
  37.367271, -120.422431  4
  37.367660, -120.421884  5
  37.367570, -120.421779  6
  37.367536, -120.421770  7
  37.367607, -120.421668  8
  37.367476, -120.421520  9
  37.367532, -120.421442  0
  37.367411, -120.421307  1
  37.367199, -120.421535  2
  37.367245, -120.421587  3
  37.366996, -120.421939  4
  37.366958, -120.421896  5
  37.366871, -120.421991  6
  37.366884, -120.422009  7


science_&_engineering_building_1
  37.365686, -120.422525  ,1
  37.365881, -120.422761  ,2
  37.365937, -120.422744  ,3
  37.366316, -120.422265  ,4
  37.366838, -120.422870  ,5
  37.366874, -120.422822  ,6
  37.366964, -120.422862  ,7
  37.367140, -120.422614  ,8
  37.366310, -120.421661  ,9
  37.366071, -120.421922  ,0
  37.366179, -120.422043  ,1
  37.366137, -120.422103  ,2
  37.366056, -120.422012  ,3


science_&_engineering_building_2
  37.365437, -120.422189  ,1
  37.365589, -120.422353  ,2
  37.365973, -120.421789  ,3
  37.365915, -120.421724  ,4
  37.365937, -120.421700  ,5
  37.365980, -120.421758  ,6
  37.366131, -120.421563  ,7
  37.365858, -120.421228  ,8
  37.365710, -120.421421  ,9
  37.365904, -120.421662  ,0
  37.365892, -120.421701  ,1
  37.365816, -120.421626  2


central_plant_combo
  37.366779, -120.420659  ,1
  37.366460, -120.421097  ,2
  37.366300, -120.421238  ,3
  37.366263, -120.421246  ,4
  37.366236, -120.421243  ,5
  37.366195, -120.421216  ,6
  37.366180, -120.421150  ,7
  37.366192, -120.421097  ,8
  37.366273, -120.420952  ,9
  37.366640, -120.420500  0


transpo_and_parking_services_building
  37.366518, -120.419844  ,1
  37.366647, -120.419988  ,2
  37.366817, -120.419747  ,3
  37.366915, -120.419863  ,4
  37.366744, -120.420104  ,5
  37.366999, -120.420392  ,6
  37.367270, -120.419988  ,7
  37.367035, -120.419717  ,8
  37.366986, -120.419761  ,9
  37.366896, -120.419656  ,0
  37.366924, -120.419613  ,1
  37.366863, -120.419539  ,2
  37.366896, -120.419495  ,3
  37.366837, -120.419427  4


campus_police_building
  37.366343, -120.420293  ,
  37.366460, -120.420429  ,
  37.366594, -120.420244  ,
  37.366483, -120.420110


telecom_building
  37.366047, -120.420780  ,
  37.366156, -120.420900  ,
  37.366336, -120.420658  ,
  37.366233, -120.420540


leo_and_dottie_kolligian_library
  37.366011, -120.424622  ,1
  37.366370, -120.425486  ,2
  37.366611, -120.425316  ,3
  37.366389, -120.424763  ,4
  37.366311, -120.424812  ,5
  37.366299, -120.424786  ,6
  37.366442, -120.424637  ,7
  37.366807, -120.424133  ,8
  37.366634, -120.423928  ,9
  37.366658, -120.423894  ,0
  37.366619, -120.423845  ,1
  37.366632, -120.423830  ,2
  37.366585, -120.423773  ,3
  37.366117, -120.424377  ,4
  37.366166, -120.424437  ,5
  37.366176, -120.424421  ,6
  37.366213, -120.424467  ,7
  37.366196, -120.424493  ,8
  37.366186, -120.424478  ,9
  37.366149, -120.424529  0


student_activities_and_athletics_center_building
  37.365644, -120.426736  ,
  37.365753, -120.426861  ,
  37.365699, -120.426939  ,
  37.365859, -120.427122  ,
  37.366059, -120.426845  ,
  37.365787, -120.426535


gallo_recreation_and_wellness_center_building
  37.364977, -120.426045  ,
  37.365397, -120.426565  ,
  37.365452, -120.426497  ,
  37.365549, -120.426613  ,
  37.365776, -120.426303  ,
  37.365491, -120.425983  ,
  37.365548, -120.425893  ,
  37.365455, -120.425791  ,
  37.365388, -120.425855  ,
  37.365307, -120.425775  ,
  37.365168, -120.425957  ,
  37.365106, -120.425884


mariposa_building
  37.364929, -120.427944  ,
  37.365092, -120.428131  ,
  37.365737, -120.427262  ,
  37.365581, -120.427082


tuolumne_building
  37.364618, -120.426460  ,
  37.365328, -120.427282  ,
  37.365479, -120.427073  ,
  37.364798, -120.426238


yablokoff-wallace_dining_center_building
  37.364201, -120.427045  ,1
  37.364534, -120.427438  ,2
  37.364586, -120.427377  ,3
  37.364662, -120.427466  ,4
  37.364795, -120.427295  ,5
  37.364716, -120.427206  ,6
  37.364759, -120.427148  ,7
  37.364819, -120.427213  ,8
  37.364899, -120.427112  ,9
  37.364575, -120.426728  ,0
  37.364499, -120.426820  ,1
  37.364433, -120.426747  2


visitor_center_building
  37.363822, -120.427592  ,1
  37.363958, -120.427747  ,2
  37.364094, -120.427562  ,3
  37.364142, -120.427614  ,4
  37.364067, -120.427721  ,5
  37.364039, -120.427689  ,6
  37.363952, -120.427798  ,7
  37.364095, -120.427962  ,8
  37.364132, -120.427915  ,9
  37.364233, -120.428029  ,0
  37.364337, -120.427882  ,1
  37.364220, -120.427750  ,2
  37.364364, -120.427546  ,3
  37.364279, -120.427450  ,4
  37.364229, -120.427520  ,5
  37.364173, -120.427458  ,6
  37.364214, -120.427402  ,7
  37.364078, -120.427252  8


merced_hall_building
  37.364277, -120.428086  ,
  37.364422, -120.428271  ,
  37.364695, -120.427904  ,
  37.364547, -120.427735


calaveras_hall_building
  37.364460, -120.428304  ,
  37.364614, -120.428483  ,
  37.364881, -120.428115  ,
  37.364728, -120.427933


san_joaquin_hall_building
  37.364312, -120.428532  ,
  37.364444, -120.428688  ,
  37.364581, -120.428505  ,
  37.364448, -120.428351


stanislaus_hall_building
  37.364006, -120.428505  ,
  37.364006, -120.428968  ,
  37.364219, -120.428973  ,
  37.364217, -120.428505


fresno_hall_building
  37.363988, -120.428451  ,
  37.364196, -120.428449  ,
  37.364198, -120.428232  ,
  37.363996, -120.428234


madera_hall_building
  37.363748, -120.428975  ,
  37.363956, -120.428975  ,
  37.363954, -120.428505  ,
  37.363748, -120.428507


kings_hall_building
  37.363748, -120.428449  ,
  37.363954, -120.428454  ,
  37.363950, -120.427983  ,
  37.363748, -120.427983


tulare_hall_building
  37.363477, -120.428968  ,
  37.363684, -120.428970  ,
  37.363686, -120.428500  ,
  37.363477, -120.428500


kern_hall_building
  37.363496, -120.428454  ,
  37.363706, -120.428454  ,
  37.363702, -120.427990  ,
  37.363500, -120.427988


half_dome_residence_hall
  37.364001, -120.430454  ,1
  37.364172, -120.430455  ,2
  37.364177, -120.429898  ,3
  37.364252, -120.429896  ,4
  37.364254, -120.429830  ,5
  37.364310, -120.429848  ,6
  37.364314, -120.429530  ,7
  37.364481, -120.429532  ,8
  37.364473, -120.429453  ,9
  37.364501, -120.429451  ,10
  37.364521, -120.429370  ,1
  37.364471, -120.429370  ,2
  37.364469, -120.429317  ,3
  37.364259, -120.429315  ,4
  37.364269, -120.429290  ,5
  37.364181, -120.429289  ,6
  37.364181, -120.429333  ,7
  37.363984, -120.429330  ,8
  37.363985, -120.429415  ,9
  37.364024, -120.429397  ,20
  37.364024, -120.429426  ,1
  37.363986, -120.429425  ,2
  37.363986, -120.429527  ,3
  37.364021, -120.429527  ,4
  37.364023, -120.429550  ,5
  37.364074, -120.429549  ,6
  37.364076, -120.429530  ,7
  37.364184, -120.429531  ,8
  37.364179, -120.429842  ,9
  37.364130, -120.429840  ,30
  37.364128, -120.429813  ,1
  37.364053, -120.429813  ,2
  37.364051, -120.429921  ,3
  37.364009, -120.429897  ,4
  37.364008, -120.430002  ,5
  37.364025, -120.430002  ,6
  37.364025, -120.430068  ,7
  37.364008, -120.430067  ,8
  37.364008, -120.430259  ,9
  37.364021, -120.430259  ,40
  37.364022, -120.430330  ,1
  37.364007, -120.430330  2


tenaya_hall_building
  37.363460, -120.429270  ,
  37.363460, -120.429791  ,
  37.363657, -120.429791  ,
  37.363656, -120.429505  ,
  37.363850, -120.429503  ,
  37.363853, -120.429270


cathedral_hall_building
  37.363473, -120.430462  ,
  37.363849, -120.430463  ,
  37.363851, -120.430244  ,
  37.363652, -120.430243  ,
  37.363659, -120.429817  ,
  37.363473, -120.429815


early_childhood_education_center_building
  37.363738, -120.431443  ,1
  37.363863, -120.431442  ,2
  37.363866, -120.431184  ,3
  37.363836, -120.431183  ,4
  37.363836, -120.431017  ,5
  37.363863, -120.431017  ,6
  37.363863, -120.430805  ,7
  37.363738, -120.430802  ,8
  37.363737, -120.431012  ,9
  37.363645, -120.431014  ,0
  37.363643, -120.431190  ,1
  37.363737, -120.431192  2


sustainability_research_and_engineering_building
  37.364581, -120.424778  ,
  37.365250, -120.423850  ,
  37.365010, -120.423514  ,
  37.364324, -120.424470


pavilion_building
  37.364289, -120.425300  ,
  37.364492, -120.424876  ,
  37.363977, -120.424264  ,
  37.363709, -120.424631


arts_and_computational_sciences_building
  37.363583, -120.424456  ,1
  37.364268, -120.423509  ,2
  37.364109, -120.423326  ,3
  37.363873, -120.423650  ,4
  37.363772, -120.423557  ,5
  37.363627, -120.423760  ,6
  37.363686, -120.423851  ,7
  37.363401, -120.424269  8


granite_pass_building
  37.362680, -120.426532  ,1
  37.363583, -120.425289  ,2
  37.363482, -120.425157  ,3
  37.363420, -120.425247  ,4
  37.363349, -120.425159  ,5
  37.362978, -120.425646  ,6
  37.362960, -120.425633  ,7
  37.362880, -120.425745  ,8
  37.362937, -120.425806  ,9
  37.362892, -120.425863  ,0
  37.362861, -120.425821  ,1
  37.362501, -120.426340  2


glacier_point_building
  37.362811, -120.425445  1
  37.363243, -120.424852  2
  37.363259, -120.424868  3
  37.363373, -120.424715  4
  37.362880, -120.424141  5
  37.362837, -120.424194  6
  37.362787, -120.424139  7
  37.362665, -120.424298  8
  37.362819, -120.424477  9
  37.362862, -120.424422  0
  37.363116, -120.424718  1
  37.362930, -120.424966  2
  37.362871, -120.424898  3
  37.362626, -120.425229  4


little_lake
  37.363335, -120.427683  1
  37.363414, -120.427523  2
  37.363499, -120.427401  3
  37.363584, -120.427301  4
  37.363673, -120.427190  5
  37.363728, -120.427111  6
  37.363731, -120.427071  7
  37.363676, -120.426971  8
  37.363645, -120.426908  9
  37.363617, -120.426812  10
  37.363612, -120.426761  1
  37.363613, -120.426706  2
  37.363623, -120.426631  3
  37.363635, -120.426569  4
  37.363663, -120.426435  5
  37.363711, -120.426294  6
  37.363817, -120.426104  7
  37.363837, -120.426062  8
  37.363869, -120.425932  9
  37.363868, -120.425914  20
  37.363845, -120.425866  1
  37.363832, -120.425801  2
  37.363825, -120.425693  3
  37.363835, -120.425639  4
  37.363884, -120.425433  5
  37.363899, -120.425338  6
  37.363900, -120.425270  7
  37.363912, -120.425215  8
  37.363906, -120.425181  9
  37.363875, -120.425131  30
  37.363638, -120.424855  1
  37.363601, -120.424831  2
  37.363575, -120.424835  3
  37.363562, -120.424860  4
  37.363576, -120.424893  5
  37.363574, -120.424986  6
  37.363606, -120.425022  7
  37.363709, -120.425169  8
  37.363032, -120.426102  9
  37.363021, -120.426130  40
  37.363010, -120.426177  1
  37.363008, -120.426233  2
  37.362995, -120.426404  3
  37.362993, -120.426438  4
  37.363008, -120.426501  5
  37.363052, -120.426554  6
  37.363081, -120.426614  7
  37.363102, -120.426667  8
  37.363115, -120.426721  9
  37.363124, -120.426801  50
  37.363118, -120.426861  1
  37.363112, -120.426914  2
  37.363070, -120.427035  3
  37.363058, -120.427117  4
  37.363052, -120.427164  5
  37.363061, -120.427197  6
  37.363088, -120.427240  7
  37.363116, -120.427261  8
  37.363259, -120.427293  9
  37.363286, -120.427315  60
  37.363304, -120.427348  1
  37.363302, -120.427407  2
  37.363266, -120.427527  3
  37.363250, -120.427588  4
  37.363255, -120.427626  5
  37.363269, -120.427659  6
  37.363310, -120.427679  7


northern_pond
  37.365376, -120.421142  1
  37.365854, -120.420773  2
  37.365715, -120.420541  3
  37.365611, -120.420492  4
  37.365438, -120.420579  5
  37.365349, -120.420701  6
  37.365299, -120.420991  7
  37.365311, -120.421083  8
